
Traversing Postorder...
4 72 22 1 88 118 111 211 235 225 204 157 126 261 84 82 296 282 304 378 385 400 456 470 349 500 529 598 581 571 641 639 634 646 691 707 709 743 718 674 672 871 830 899 794 915 947 900 563 280 
Traversing Postorder...
17 18 4 62 72 22 1 105 88 114 118 111 196 194 162 206 211 256 235 225 204 157 126 261 84 82 296 282 325 330 305 345 304 378 396 385 426 445 400 456 488 495 470 349 502 508 505 500 533 529 582 587 633 619 598 581 571 641 639 634 664 646 691 684 707 709 735 780 772 792 743 718 674 672 838 870 861 848 894 871 830 899 794 906 915 949 957 947 900 563 280 
Traversing Postorder...
17 18 4 45 62 81 72 22 1 83 105 88 114 118 111 152 188 201 196 183 194 206 240 239 248 256 235 211 204 157 126 268 265 261 84 82 296 282 322 325 330 305 345 304 371 381 378 396 385 425 422 444 426 445 400 456 488 495 470 349 502 521 517 508 505 500 538 548 553 549 533 529 582 595 587 626 623 633 619 598 581 571 641 639 634 656 660 663 664 646 691 687 684 707 709 719 735 785 780 772 792 743 718 674 672 812 838 870 861 848 894 871 830 899 794 913 906 941 915 949 983 959 999 998 957 947 900 563 280 
Traversing Postorder...
17 18 4 45 68 69 62 81 72 22 1 83 87 105 88 114 118 111 152 190 169 188 201 196 183 194 206 212 244 241 240 239 248 256 235 211 204 157 126 275 271 268 265 261 84 82 296 282 311 322 325 330 305 345 304 356 350 371 381 378 396 385 425 422 444 426 450 445 400 456 490 488 496 495 470 349 502 524 521 517 508 505 500 538 548 553 549 533 529 574 582 595 587 626 623 633 619 598 581 571 641 639 634 650 649 656 660 663 669 664 646 691 686 694 705 702 687 684 707 709 731 719 735 759 785 780 772 792 743 718 674 672 799 804 829 812 847 838 870 861 848 886 887 894 871 830 899 794 913 906 939 941 915 949 965 977 983 959 999 998 957 947 900 563 280 
Traversing Postorder...
5 12 17 18 4 49 45 68 69 62 81 72 22 1 83 86 87 105 88 114 118 111 146 133 156 152 190 169 188 201 196 183 194 206 213 244 241 240 239 249 248 256 212 211 204 157 126 269 275 271 268 265 261 84 82 297 282 317 311 322 325 330 305 345 296 356 350 376 371 381 378 388 396 385 420 417 425 444 422 450 426 400 456 490 488 496 495 470 349 504 502 524 521 517 508 505 500 544 538 548 553 549 533 529 574 582 591 595 587 614 626 623 633 619 598 581 571 641 639 634 650 656 660 663 669 664 646 691 686 694 705 702 687 684 707 709 734 731 719 735 759 787 785 780 772 792 743 718 674 672 799 804 829 812 839 841 847 838 856 870 861 848 874 886 887 894 871 830 899 794 911 913 936 939 941 906 948 949 965 977 991 983 959 999 998 957 947 900 563 280 
Traversing Postorder...
5 16 12 17 18 4 24 49 45 68 69 62 81 72 22 1 83 86 87 106 105 88 114 118 111 150 146 133 154 156 152 190 169 188 201 196 183 194 206 213 233 244 241 240 239 249 248 256 212 211 204 157 126 269 273 275 271 268 265 261 84 82 291 297 282 316 317 311 322 325 330 305 345 296 368 358 356 350 376 371 381 378 386 391 388 396 385 415 420 417 425 444 422 455 450 426 400 462 456 490 488 496 495 470 349 504 502 524 521 517 508 505 500 544 538 548 553 549 533 529 574 582 591 595 587 609 617 614 628 626 623 633 619 598 581 571 641 639 634 650 656 660 663 669 664 646 691 686 693 697 694 705 702 687 684 707 714 709 729 734 731 719 735 755 763 759 783 786 791 787 785 780 772 792 743 718 674 672 799 804 829 812 831 839 841 847 838 859 856 870 861 848 874 886 887 894 871 830 899 794 911 913 924 936 939 941 906 948 949 963 965 981 977 984 991 983 959 999 998 957 947 900 563 280 
Traversing Postorder...
11 5 16 12 17 18 4 43 24 53 49 45 68 69 62 81 72 22 1 83 86 87 106 105 88 114 125 118 111 134 141 150 146 133 154 156 152 168 190 169 188 195 201 196 183 194 206 213 217 233 244 241 240 239 249 248 256 212 211 204 157 126 262 269 273 277 275 271 268 265 261 84 82 291 297 282 316 317 311 322 325 330 305 345 296 368 358 356 350 376 371 384 381 378 386 393 391 388 397 396 385 415 420 417 425 444 422 455 450 426 400 462 456 490 488 496 495 470 349 504 502 515 524 521 517 508 505 500 531 544 538 548 555 553 549 533 529 579 574 582 591 595 587 606 609 617 614 628 626 623 633 619 598 581 571 641 639 634 650 656 660 663 669 664 646 691 677 686 693 697 694 705 702 687 684 707 714 709 722 729 734 731 719 738 735 750 755 765 763 759 786 791 787 785 780 772 792 743 718 674 672 808 799 829 812 831 839 841 847 838 859 856 870 861 848 875 874 886 887 894 871 830 899 794 911 913 909 928 924 936 939 941 906 948 949 963 965 981 977 989 984 991 983 959 999 998 957 947 900 563 280 
Traversing Postorder...
3 11 5 16 12 17 18 4 29 43 24 53 49 45 68 69 62 81 72 22 1 83 86 87 106 105 88 114 125 118 111 138 134 141 150 146 133 154 156 152 168 190 169 188 195 200 201 196 183 194 206 213 226 223 217 233 247 244 241 240 239 249 248 256 212 211 204 157 126 262 267 269 273 277 275 271 268 265 261 84 82 291 297 282 302 314 316 317 311 322 328 325 338 330 305 345 296 359 368 358 356 350 376 371 381 378 386 393 391 388 397 396 385 415 420 417 425 423 444 422 431 451 455 450 426 400 459 462 456 490 488 498 496 495 470 349 504 502 515 518 524 521 517 508 505 500 531 544 538 548 562 555 553 549 533 529 576 579 586 582 589 591 595 587 606 609 617 614 628 626 623 633 619 598 574 571 643 641 639 634 648 651 650 656 660 663 669 664 646 691 677 686 693 697 694 705 702 687 684 708 707 714 709 722 729 734 731 719 738 735 754 750 757 755 769 765 763 759 786 791 787 785 780 772 792 743 718 674 672 796 808 799 829 812 836 831 839 841 847 838 859 856 870 861 848 877 878 875 874 886 887 894 871 830 899 794 905 911 913 920 909 928 924 936 940 939 943 941 906 948 949 963 970 976 965 979 981 977 989 984 997 991 983 959 999 998 957 947 900 563 280 
Traversing Postorder...
3 11 5 16 12 17 18 4 23 41 29 43 24 53 49 45 68 71 69 62 81 72 22 1 83 86 87 106 105 88 114 122 125 118 111 128 127 129 140 138 134 144 141 150 146 133 154 156 152 168 190 169 188 195 200 201 196 183 194 210 206 213 214 230 226 223 217 233 247 244 241 240 239 254 249 248 256 212 211 204 157 126 264 262 267 269 273 277 275 271 268 265 261 84 82 291 297 282 302 307 314 318 316 311 317 328 322 338 325 305 330 296 359 368 358 356 350 376 371 381 378 386 393 391 388 397 396 385 407 415 420 417 425 423 444 422 439 447 449 431 451 455 450 426 400 459 465 462 456 481 471 490 488 498 496 495 470 349 504 502 515 518 524 521 517 508 505 500 531 535 542 544 538 548 559 562 555 553 549 533 529 576 579 586 582 589 591 595 587 606 617 609 615 625 628 626 623 633 614 598 574 571 643 641 639 619 648 654 653 651 650 656 660 663 669 664 646 691 677 686 693 697 694 704 706 705 702 687 684 708 707 714 709 722 729 734 731 719 738 735 746 749 751 754 750 757 755 762 766 769 765 763 759 779 786 791 787 785 780 772 792 743 718 674 672 796 806 808 799 829 812 836 831 840 839 841 847 838 859 856 865 870 861 848 877 881 878 875 874 886 887 894 871 830 899 794 905 911 913 920 909 935 929 928 924 936 940 939 946 943 941 906 948 949 963 970 976 965 978 979 981 977 989 984 997 991 983 959 999 998 957 947 900 563 280 
Traversing Postorder...
3 11 5 16 12 17 18 4 23 41 29 43 24 60 53 49 45 68 70 71 69 62 75 74 81 72 22 1 83 86 87 91 106 105 88 114 121 122 125 118 111 128 127 129 140 138 134 144 141 150 146 133 154 156 152 165 166 168 190 169 188 195 200 201 196 183 194 210 206 213 214 221 230 226 223 217 238 233 247 244 241 239 254 249 248 256 212 211 204 157 126 264 262 267 269 274 273 278 277 275 271 268 265 261 84 82 290 287 291 297 282 302 308 307 314 318 316 311 317 328 322 338 325 305 339 342 330 296 359 368 358 356 350 374 376 371 381 378 393 391 386 397 396 385 406 407 415 420 417 425 423 444 422 428 440 439 447 449 431 451 455 450 426 400 458 459 463 465 462 456 474 480 481 471 490 488 497 498 496 495 470 349 504 502 515 518 524 521 517 508 505 500 531 540 543 542 544 538 548 557 559 562 555 553 549 533 529 576 579 586 582 589 591 595 587 607 608 606 617 609 615 625 628 626 623 633 614 598 574 571 643 641 639 619 648 654 653 651 650 656 660 663 669 664 646 691 677 686 693 700 697 694 704 706 705 702 687 684 708 707 714 709 722 734 729 719 737 738 731 736 746 749 751 754 750 757 755 762 766 769 765 763 759 779 786 791 787 785 780 772 792 735 718 674 672 758 761 796 806 808 799 829 812 836 831 840 839 841 847 838 859 856 865 870 861 848 877 881 878 875 874 886 887 894 871 830 899 743 820 867 903 826 905 911 913 920 909 935 929 928 924 936 940 939 946 943 941 906 948 949 958 963 970 976 965 978 979 981 977 989 984 997 991 983 959 999 998 957 947 794 563 280 
Traversing Postorder...
2 11 16 5 12 17 3 23 27 41 29 43 24 60 53 49 45 64 67 68 70 71 69 62 76 75 74 81 72 4 1 83 86 87 89 91 106 105 88 114 121 122 125 118 111 128 127 129 139 140 138 134 144 141 150 146 133 154 156 152 165 166 168 174 190 169 188 195 200 201 196 183 194 210 206 213 214 221 230 226 223 217 238 233 242 247 244 241 239 254 249 248 256 212 211 204 157 126 264 262 267 270 269 274 273 278 277 275 271 268 265 261 84 82 290 287 291 297 282 299 302 308 307 314 318 316 311 317 328 322 338 325 305 339 346 342 330 296 367 359 368 358 356 350 374 376 371 381 378 389 391 386 397 396 385 406 407 418 420 415 417 423 444 425 430 428 443 440 439 447 449 431 451 455 450 426 400 459 463 465 462 456 474 480 481 471 490 488 497 498 496 495 470 349 503 504 502 515 518 524 521 517 508 505 500 531 540 543 542 544 538 548 557 559 562 555 553 549 533 529 576 579 575 586 582 589 591 595 587 607 608 606 617 609 615 625 628 626 623 633 614 598 574 571 643 641 639 619 648 654 653 651 650 656 660 663 669 664 646 691 677 686 693 700 697 694 704 706 705 702 687 684 708 707 714 709 722 734 729 719 737 738 731 736 746 749 751 754 750 757 755 762 766 769 765 763 759 779 786 791 787 785 780 772 792 735 718 674 672 747 758 770 788 761 796 806 808 799 829 812 836 831 840 839 841 847 838 859 856 865 870 861 848 877 881 878 875 874 886 887 894 871 830 899 743 816 800 801 895 867 903 826 905 911 913 919 920 909 927 935 928 924 929 940 939 946 943 941 906 948 949 958 963 967 973 970 976 965 978 980 979 981 977 990 989 984 996 997 991 983 959 999 998 957 947 794 563 280 
Traversing Postorder...
2 11 16 5 12 17 3 19 9 23 27 41 29 43 24 60 53 49 45 64 67 68 70 71 69 62 76 75 74 81 72 4 1 83 85 86 87 89 91 108 106 105 88 114 121 122 125 118 111 128 127 129 139 140 138 144 141 147 150 146 133 154 156 152 165 166 168 178 174 190 169 188 195 200 201 196 183 194 210 206 213 214 221 230 226 223 217 237 238 233 242 247 244 241 239 254 249 248 256 212 211 204 157 126 264 262 267 270 269 274 273 278 277 275 271 268 265 261 84 82 286 290 287 291 297 282 298 299 302 307 314 318 316 311 317 328 322 338 325 305 339 346 342 330 296 352 367 359 368 358 356 350 373 374 376 371 381 378 389 391 386 397 396 385 405 406 407 418 420 415 417 423 444 425 430 428 443 440 439 447 449 431 451 455 450 426 400 460 459 463 465 462 456 473 474 480 485 481 471 490 488 497 498 496 495 470 349 503 504 502 507 510 509 515 518 524 521 517 508 505 500 531 539 540 543 542 544 538 548 557 559 562 555 553 549 533 529 569 576 579 575 586 582 589 591 595 587 605 607 608 606 617 609 615 625 628 626 623 633 614 598 574 571 635 643 641 639 619 648 654 653 651 650 656 660 663 669 664 646 691 678 677 686 693 700 697 694 704 706 705 702 687 684 708 707 714 709 721 722 734 729 719 737 738 731 742 736 746 749 751 754 750 757 755 762 766 769 765 763 759 779 786 791 787 785 780 772 792 735 718 674 672 753 747 758 767 778 770 788 761 796 806 808 799 829 812 836 831 840 839 841 847 838 859 856 865 870 861 848 877 881 878 875 874 886 887 894 871 830 899 743 816 800 822 801 895 867 903 826 905 911 913 919 920 909 927 935 928 924 929 940 939 944 946 943 941 906 948 955 956 958 963 967 973 970 976 965 978 980 979 981 977 985 990 989 984 996 997 991 983 959 999 998 949 947 794 563 280 
Traversing Postorder...
2 11 16 5 12 17 3 14 19 9 23 27 41 29 43 24 47 51 56 60 53 49 45 63 64 67 68 70 71 69 62 76 75 74 81 72 4 1 83 85 86 87 89 93 108 106 91 88 121 122 125 118 111 128 127 129 139 140 138 144 141 147 150 146 133 154 156 152 163 165 168 175 178 174 190 169 188 195 200 201 196 183 194 210 206 213 214 222 221 230 226 223 217 237 238 233 242 247 244 241 239 254 248 249 212 211 204 157 126 264 262 267 270 269 274 273 278 277 275 271 268 265 261 84 82 286 290 287 291 297 282 298 299 302 310 307 314 318 316 311 317 324 328 322 338 325 305 339 346 342 330 296 354 352 367 359 368 356 350 373 374 376 358 381 378 389 391 397 386 385 402 405 406 407 418 420 415 417 423 444 425 430 428 441 443 440 439 447 449 431 451 455 450 426 396 460 457 463 465 459 456 473 474 480 485 481 471 490 488 497 498 496 495 462 349 503 504 502 507 514 510 509 515 518 524 521 517 508 505 500 531 539 540 543 542 544 538 548 557 561 559 562 555 553 549 533 529 569 576 579 575 584 586 582 589 591 595 587 605 607 608 606 613 617 609 615 625 628 626 623 633 614 598 574 571 635 643 641 639 619 648 654 653 651 650 656 660 663 670 669 664 646 676 678 677 686 693 695 700 697 694 704 706 705 702 687 684 708 707 715 714 709 721 726 722 734 729 719 737 738 731 742 736 746 749 751 754 750 757 755 762 766 769 765 763 759 779 786 791 787 785 780 772 792 735 718 691 672 753 747 758 767 774 782 778 770 788 761 796 806 808 799 829 812 836 831 840 839 841 847 838 859 856 865 870 861 848 877 881 878 875 874 886 887 894 871 830 899 743 816 800 815 818 802 822 801 863 890 888 897 895 867 903 826 905 911 913 919 921 920 909 927 935 928 924 929 940 939 942 944 946 943 941 906 948 955 956 958 960 961 963 967 973 970 976 965 978 980 979 981 977 988 985 990 989 984 996 991 983 959 999 998 949 947 794 563 280 
Traversing Postorder...
2 11 16 5 12 17 3 14 21 19 9 20 27 41 29 43 23 47 51 59 56 60 53 49 24 63 64 67 68 70 71 69 62 76 75 74 81 72 4 1 83 85 86 87 89 101 93 106 91 88 112 116 121 122 125 118 111 128 127 129 139 140 138 142 144 141 147 151 150 146 133 154 156 152 158 163 165 168 175 178 174 190 169 188 195 200 201 196 183 194 210 206 213 215 214 222 221 230 226 223 217 237 238 233 242 247 244 241 239 254 248 249 212 211 204 157 126 264 262 267 270 269 274 273 278 277 275 271 268 265 261 84 82 285 286 290 287 291 297 282 298 299 302 310 307 314 318 316 311 317 324 328 322 338 325 305 339 346 342 330 296 354 352 367 359 368 356 350 373 374 376 358 381 378 389 391 395 397 386 385 402 405 406 407 418 420 415 419 417 423 444 425 430 428 436 434 441 443 440 439 447 449 431 451 455 450 426 396 460 457 463 465 459 456 472 476 474 480 483 486 485 481 473 492 490 488 497 498 496 495 462 349 503 504 502 506 507 514 510 509 515 518 524 521 517 508 505 500 531 539 540 543 542 544 538 548 557 561 559 562 555 553 549 533 529 569 576 579 575 583 584 586 582 588 589 591 595 587 605 607 608 606 613 617 609 615 625 628 626 623 633 614 598 574 571 635 643 641 639 619 648 654 653 651 650 658 656 660 663 670 669 664 646 678 677 686 689 693 695 700 697 694 704 706 705 702 687 684 708 707 715 714 709 721 726 722 730 734 729 719 737 738 731 742 736 746 749 751 754 750 757 755 762 766 769 765 763 759 779 786 791 787 785 780 772 792 735 718 676 672 753 747 758 768 767 774 784 782 778 770 788 761 796 806 808 799 829 812 836 831 840 839 841 847 838 859 856 865 870 861 848 877 881 878 875 874 886 887 894 871 830 899 743 797 816 800 813 815 818 802 823 822 801 858 864 863 890 888 897 895 867 903 826 905 911 913 912 919 921 920 909 927 935 928 924 929 940 939 942 944 946 943 941 906 948 955 956 958 960 961 963 969 967 973 970 976 965 978 980 979 981 977 988 985 990 989 984 996 991 983 959 999 998 949 947 794 563 280 
Traversing Postorder...
2 11 16 5 12 17 3 14 21 19 9 20 27 41 29 43 23 46 31 47 51 59 56 60 53 49 24 63 64 67 68 70 71 69 62 76 75 74 81 72 4 1 83 85 86 87 89 101 93 106 91 88 112 116 121 124 122 125 118 111 128 127 129 139 140 138 142 145 144 141 147 151 150 146 133 154 156 152 158 163 165 168 175 180 178 174 190 169 188 195 200 201 196 183 194 210 206 213 215 214 218 222 221 232 230 226 223 217 237 238 233 242 245 247 244 241 239 254 248 253 249 212 211 204 157 126 264 262 267 270 269 272 274 273 278 277 275 271 268 265 261 84 82 284 285 286 290 287 292 291 297 282 298 299 302 310 307 312 315 314 318 316 311 317 324 328 322 338 325 305 336 332 339 347 346 342 330 296 354 367 359 368 352 356 366 373 374 376 358 381 378 389 391 395 397 386 385 402 405 406 407 418 420 415 419 417 423 444 425 430 428 436 434 441 443 440 439 447 449 431 451 455 450 426 396 460 457 463 465 459 456 472 476 474 480 483 486 485 481 473 492 490 488 497 498 496 495 462 349 503 504 502 506 507 514 509 510 519 527 518 517 508 505 500 531 539 543 540 542 538 548 552 557 561 559 562 555 553 549 533 529 569 576 579 575 583 584 586 582 588 589 591 595 587 605 607 608 606 613 617 609 616 615 625 628 626 623 633 614 598 574 571 630 635 643 641 639 619 648 654 653 651 650 658 656 660 663 670 669 664 646 681 678 677 686 689 693 695 699 700 697 694 704 706 705 702 687 684 708 707 711 712 715 714 709 721 726 722 730 734 729 719 737 738 731 742 736 746 749 751 754 750 757 755 762 766 769 765 763 759 779 786 791 787 785 780 772 792 735 718 676 672 753 747 760 758 768 767 774 784 782 778 770 793 788 761 796 806 808 799 829 812 836 831 840 839 841 847 838 859 856 865 870 861 848 877 881 878 875 874 886 887 894 871 830 899 743 797 816 800 803 813 815 818 802 823 822 801 853 858 864 863 869 880 879 892 890 888 897 895 867 903 826 905 911 913 917 912 919 921 920 909 927 935 928 924 931 929 940 939 942 944 946 943 941 906 948 955 956 958 960 961 963 968 969 967 973 970 976 965 978 980 979 981 977 988 985 990 989 984 996 991 983 959 999 998 949 947 794 563 280 
Traversing Postorder...
2 11 16 5 12 17 3 13 14 21 19 9 20 27 41 29 43 23 28 33 46 31 47 51 54 59 56 60 53 49 24 63 64 67 68 70 71 69 62 76 75 74 81 72 4 1 83 85 86 87 89 100 101 93 107 106 91 88 115 112 116 121 123 124 122 125 118 111 128 127 129 139 140 138 142 145 144 141 147 151 150 146 133 154 156 152 158 163 165 168 175 180 178 174 190 169 188 195 200 201 196 183 194 210 206 213 215 214 218 222 221 232 230 226 223 217 237 238 233 242 245 247 244 241 239 254 248 253 249 212 211 204 157 126 264 262 267 270 269 272 274 273 278 277 275 271 268 265 261 84 82 284 285 286 290 287 292 291 297 282 298 299 302 310 307 312 315 314 318 316 311 317 324 328 322 338 325 305 336 332 339 347 346 342 330 296 354 367 359 368 352 356 360 366 373 374 376 358 381 378 389 391 392 387 395 397 386 385 402 405 406 407 418 420 415 419 417 423 444 425 430 428 438 436 434 441 443 440 439 447 449 431 451 455 450 426 396 460 457 463 465 459 456 466 469 472 476 474 480 484 486 483 481 473 492 490 485 497 498 496 495 462 349 501 503 504 502 506 507 514 509 510 519 523 528 527 518 517 508 505 500 531 539 543 540 542 538 548 552 554 557 561 559 562 555 553 549 533 529 569 576 579 583 584 586 582 588 589 591 596 595 587 605 607 608 606 613 617 609 616 615 625 628 626 623 633 614 598 574 571 631 630 635 643 641 639 619 648 654 653 651 650 658 656 660 663 665 670 669 664 646 681 678 677 685 686 689 693 695 699 700 697 694 704 706 705 702 687 684 708 707 711 712 715 714 709 726 721 730 734 722 719 737 738 731 742 736 746 749 751 754 750 757 755 762 766 769 765 763 759 779 786 791 787 785 780 772 792 735 718 676 672 744 753 747 760 758 768 767 774 784 782 778 770 793 788 761 796 806 808 799 829 812 836 831 840 839 841 847 838 859 856 865 870 861 848 877 881 878 875 874 886 887 894 871 830 899 743 797 816 800 803 813 815 818 802 823 822 801 837 853 858 864 863 868 869 880 879 892 890 888 897 895 867 903 826 905 911 913 910 917 912 919 921 920 909 935 927 924 931 928 940 929 942 944 946 943 941 906 948 955 956 958 960 961 963 966 968 969 967 973 970 976 965 978 980 979 981 977 988 985 990 989 984 996 991 983 959 999 998 949 947 794 563 280 
Traversing Postorder...
2 11 16 5 12 17 3 10 13 14 21 19 9 20 27 41 29 43 23 28 33 46 31 47 51 54 59 56 60 53 49 24 66 64 67 68 70 71 69 62 77 76 75 74 81 72 4 1 83 85 86 87 90 89 100 101 93 107 106 91 88 115 112 116 121 123 124 122 125 118 111 128 127 129 139 140 138 142 145 144 141 147 151 150 146 133 154 156 152 158 163 167 165 168 175 180 178 174 190 169 188 195 200 201 196 183 194 210 206 213 215 214 218 222 221 224 228 232 230 226 223 217 237 238 233 242 246 245 247 244 241 239 254 248 253 249 212 211 204 157 126 264 262 267 270 274 273 278 277 275 271 268 265 261 84 82 284 286 290 287 292 291 297 285 298 299 302 310 307 313 312 315 314 318 316 311 317 324 328 322 326 338 325 305 336 332 339 347 342 330 282 354 367 359 368 352 356 363 360 366 373 374 376 358 381 378 389 391 392 387 395 397 386 385 402 405 410 406 418 420 415 424 419 417 423 444 425 430 428 438 436 434 441 443 440 439 447 449 431 452 451 455 450 426 396 460 457 463 465 459 456 466 469 472 475 479 476 474 480 484 486 483 481 473 492 490 485 497 498 496 495 462 346 501 503 504 502 506 507 514 509 510 519 523 528 527 518 517 508 505 500 532 531 539 543 540 542 538 548 550 551 552 554 557 561 559 562 555 553 549 533 529 565 576 579 583 584 586 582 588 589 591 596 595 587 605 607 608 606 611 613 617 609 616 615 625 628 626 623 633 614 598 574 569 622 631 630 635 643 641 639 619 648 654 653 651 650 659 658 656 661 660 663 667 668 665 670 669 664 646 681 677 685 686 689 693 695 699 700 697 694 704 706 705 702 687 684 708 707 711 712 715 714 709 726 721 730 734 722 719 737 738 731 742 736 746 749 751 754 750 757 755 762 766 769 765 763 759 779 786 791 787 785 780 772 792 735 718 676 672 744 753 747 760 758 764 768 767 784 782 778 770 793 788 761 796 806 808 799 829 812 836 831 840 839 841 847 838 859 856 865 870 861 848 877 881 878 875 874 886 887 894 871 830 899 743 798 797 816 800 803 813 815 818 802 823 822 801 827 837 853 858 864 863 868 869 885 880 879 892 890 888 897 895 867 904 903 826 905 911 913 910 917 912 919 922 921 920 909 935 927 924 931 928 940 929 942 944 946 943 941 906 948 955 956 958 960 961 963 966 968 969 967 973 970 976 965 978 980 979 981 977 988 985 990 989 984 996 991 983 959 999 998 949 947 794 563 280 
Traversing Postorder...
2 11 16 5 12 17 3 8 10 13 14 21 19 9 20 27 41 29 43 23 30 28 38 33 46 31 47 51 54 59 56 60 53 49 24 66 64 67 68 70 71 69 62 77 76 75 74 81 72 4 1 83 85 86 87 90 89 96 100 101 93 107 106 91 88 115 112 116 121 123 124 122 125 118 111 128 127 129 137 139 140 138 142 145 144 141 147 151 150 146 133 154 156 152 158 163 167 165 168 172 175 184 180 178 174 190 169 188 195 197 200 201 196 183 194 210 206 213 215 214 218 222 221 224 228 232 230 226 223 217 237 238 233 242 246 245 247 244 241 239 254 248 253 249 212 211 204 157 126 264 262 267 270 274 278 277 275 271 268 265 261 84 82 284 286 290 287 292 291 297 285 298 299 302 310 307 313 312 315 314 318 316 311 317 323 324 328 322 326 338 325 305 336 332 341 339 347 342 330 282 354 367 359 368 352 356 363 360 366 373 374 376 358 381 378 389 391 392 387 395 397 386 385 401 402 405 409 408 410 406 418 420 415 424 419 417 423 444 425 430 428 438 436 434 441 443 440 439 447 449 431 453 452 451 455 450 426 396 460 457 463 465 459 456 466 469 472 475 479 476 474 480 484 486 483 481 473 492 490 485 497 499 498 496 495 462 346 501 503 504 502 506 507 514 509 510 519 525 523 528 527 518 517 508 505 500 530 532 531 539 543 540 542 538 548 550 551 552 554 558 557 561 559 562 555 553 549 533 529 565 576 579 583 585 584 586 582 588 589 596 591 587 605 607 608 606 611 613 617 609 616 615 625 628 626 623 633 614 595 574 569 622 631 630 635 643 639 619 642 647 648 654 653 651 650 659 658 656 661 660 663 667 668 670 669 664 641 681 685 686 689 693 695 699 700 697 694 704 706 705 702 687 677 708 707 711 712 715 714 709 726 721 724 730 734 722 719 737 738 731 742 736 746 749 751 754 750 757 755 762 766 769 765 763 759 779 786 791 787 785 780 772 792 735 718 676 672 744 753 747 760 758 764 768 767 784 782 778 770 793 788 761 796 806 808 799 829 812 836 831 840 839 841 847 838 859 856 865 870 861 848 877 881 878 875 874 886 887 894 871 830 899 743 798 797 816 800 807 805 803 813 815 818 802 823 822 801 827 844 851 846 837 853 858 864 863 868 869 882 885 880 879 892 890 888 897 895 867 904 903 826 905 911 913 910 914 917 912 919 922 921 920 909 935 927 924 931 928 932 940 929 942 944 946 943 941 906 948 955 956 958 960 961 963 966 968 969 967 973 970 976 965 978 980 979 981 977 988 985 990 989 984 996 991 983 959 999 998 949 947 794 563 280 
Traversing Postorder...
2 11 16 5 12 17 3 8 10 13 14 21 19 9 20 27 41 29 43 23 30 28 32 36 42 38 33 46 31 47 52 51 54 59 56 60 53 49 24 65 66 64 67 68 70 71 69 62 80 77 76 75 74 81 72 4 1 83 85 86 87 90 89 92 95 96 100 101 93 107 106 91 88 115 112 116 119 121 123 124 122 125 118 111 128 127 129 137 139 140 138 142 145 144 141 147 151 150 146 133 155 154 156 152 160 158 163 167 165 168 170 172 175 184 180 178 174 192 190 169 188 195 200 201 196 183 194 205 210 206 213 215 214 219 222 218 224 228 232 230 226 221 217 234 237 238 233 242 246 245 247 244 241 239 254 248 251 253 249 212 211 204 157 126 264 262 267 270 274 278 277 275 271 268 265 261 84 82 284 286 290 287 292 291 297 285 298 299 303 302 310 307 313 312 315 314 318 316 311 321 317 323 324 328 322 326 338 325 305 336 332 341 339 347 342 330 282 351 354 367 359 368 352 356 363 360 366 373 374 377 376 358 381 378 389 391 392 387 395 397 386 385 401 404 402 405 409 408 410 406 418 420 415 424 419 417 423 444 425 430 428 437 438 436 434 441 443 440 439 447 449 431 453 452 451 455 450 426 396 460 457 461 463 465 459 456 466 469 472 475 479 476 474 480 484 486 483 481 473 489 493 492 490 485 497 499 498 496 495 462 346 501 503 504 502 506 507 514 509 510 519 525 523 528 527 518 517 508 505 500 530 532 531 539 543 540 542 538 548 550 551 552 554 558 557 560 561 559 562 555 553 549 533 529 565 576 579 578 583 585 584 586 582 588 589 596 591 587 605 607 608 606 611 613 617 609 616 615 625 628 626 623 633 614 595 574 569 620 631 622 637 635 643 639 619 645 642 647 648 654 653 651 650 659 658 656 661 660 663 667 668 670 669 664 641 681 680 685 686 692 689 695 699 700 697 693 704 706 705 702 687 677 708 707 711 712 715 714 709 726 721 727 724 730 734 722 719 737 738 731 742 736 746 749 751 754 750 757 755 762 766 769 765 763 759 779 786 791 787 785 780 772 792 735 718 676 672 744 753 747 760 758 764 768 767 784 782 778 770 793 788 761 796 806 808 799 829 812 836 831 840 839 841 847 838 859 856 865 870 861 848 877 881 878 875 874 886 887 894 871 830 899 743 795 798 797 816 800 807 805 803 813 815 818 802 825 823 822 801 834 827 845 844 852 851 846 837 853 858 864 863 868 869 882 885 880 879 892 890 888 897 895 867 904 903 826 905 911 913 910 914 917 912 919 922 921 920 909 935 927 924 931 928 930 932 940 929 942 944 946 943 941 906 948 952 953 951 955 956 958 960 961 963 966 968 969 967 973 970 976 965 978 980 979 981 977 986 987 988 985 990 989 984 994 996 991 983 959 999 998 949 947 794 563 280 
Traversing Postorder...
2 11 16 5 12 17 3 8 10 13 21 14 9 20 27 41 29 43 23 30 28 32 36 42 38 33 46 31 47 52 54 59 56 60 51 49 24 61 65 66 64 67 68 70 71 69 53 80 77 76 75 74 81 72 4 1 83 85 86 87 90 89 92 95 96 100 101 93 109 107 106 91 88 115 112 117 116 119 121 123 124 122 125 118 111 128 127 132 129 137 139 140 138 142 145 144 141 147 151 150 146 133 155 154 156 152 160 158 163 167 165 168 170 172 175 184 180 178 174 191 192 190 169 188 195 200 201 196 183 194 205 210 206 213 215 214 219 222 218 224 228 232 230 226 221 217 234 237 238 233 243 242 246 245 247 244 241 239 254 248 251 253 249 212 211 204 157 126 264 262 267 270 274 278 277 275 271 268 265 261 84 82 284 286 290 287 292 291 297 285 289 294 298 303 299 310 307 313 312 315 314 318 316 311 321 317 323 324 328 322 326 338 325 302 333 336 332 340 341 339 347 342 330 282 351 354 367 359 368 352 356 365 363 360 366 373 374 377 376 358 383 381 378 389 391 390 392 387 395 397 386 385 401 403 404 402 405 409 408 410 406 418 420 415 424 419 417 423 444 425 429 430 428 437 438 436 434 441 446 443 440 439 447 449 431 453 452 451 455 450 426 396 460 457 461 463 465 459 456 466 469 472 475 479 476 474 480 482 484 486 483 481 473 493 492 489 485 497 499 498 496 495 462 346 501 503 504 502 506 507 514 509 519 525 523 528 527 518 510 508 505 500 530 532 531 539 543 540 542 538 548 550 551 552 554 558 557 560 561 559 562 555 553 549 533 529 565 576 573 578 583 585 584 586 582 588 590 589 594 593 596 591 587 603 607 608 605 611 613 617 606 616 615 625 628 626 623 633 609 595 579 569 631 622 638 637 635 640 643 639 619 645 642 647 648 652 654 653 651 650 657 659 658 656 661 660 663 667 668 670 669 664 641 681 680 685 686 692 689 695 699 700 697 693 704 706 705 702 687 677 708 707 711 712 715 714 709 726 721 727 724 730 734 722 719 737 738 731 742 736 746 749 751 754 750 757 755 762 766 769 765 763 759 779 786 791 787 785 780 772 792 735 718 676 672 753 744 760 758 764 768 767 777 781 784 782 778 770 793 788 761 796 806 808 799 829 812 836 831 840 839 841 847 838 859 856 865 870 861 848 877 881 878 875 874 886 887 894 871 830 899 743 795 798 797 816 800 807 805 803 813 815 818 802 825 823 822 801 834 827 844 852 851 846 837 853 862 858 864 863 868 869 882 885 880 879 889 891 892 890 888 897 895 867 904 903 826 905 911 913 910 914 917 912 919 922 921 920 909 935 927 924 931 928 930 934 932 940 929 942 944 946 943 941 906 948 952 953 951 955 956 958 960 961 963 966 968 969 967 973 970 976 965 978 980 979 981 977 986 987 988 985 990 989 984 994 996 991 983 959 999 998 949 947 794 563 280 
Traversing Postorder...
2 11 16 5 12 17 3 7 8 10 13 21 14 9 20 27 41 29 43 23 30 28 32 35 36 42 38 33 46 31 48 47 52 54 59 56 60 51 49 24 61 65 66 64 67 68 70 71 69 53 80 77 76 75 74 81 72 4 1 83 85 86 87 90 89 92 99 95 100 101 93 109 107 106 91 88 115 112 117 116 119 121 123 124 122 125 118 111 128 127 132 129 135 137 139 140 138 143 142 145 144 141 147 151 150 146 133 155 154 156 152 160 158 164 163 167 165 168 170 172 175 179 187 184 180 178 174 191 192 190 169 188 195 201 196 183 194 205 210 206 213 216 215 214 219 222 218 224 229 228 231 232 230 226 221 217 234 237 238 233 243 242 246 245 247 244 241 239 254 248 251 253 249 212 211 204 157 126 264 262 267 270 274 278 277 275 271 268 265 261 84 82 284 286 290 287 292 291 297 285 289 294 298 303 299 310 307 313 312 315 314 318 316 311 321 317 323 324 328 322 329 326 338 325 302 331 333 336 332 340 341 339 347 342 330 282 351 354 367 359 368 352 356 361 365 363 360 372 369 366 373 374 377 376 358 383 381 378 389 391 390 392 387 395 397 386 385 398 401 404 402 405 409 408 410 406 418 420 415 424 419 417 423 444 425 427 429 430 428 437 438 436 442 441 446 443 440 439 447 449 431 453 451 452 450 426 396 460 457 461 463 465 459 456 466 469 472 475 479 476 474 480 482 484 486 483 481 473 493 492 489 485 497 499 498 496 495 462 346 501 503 504 502 506 507 514 509 516 513 519 526 525 523 528 527 518 510 508 505 500 530 532 531 539 543 540 545 542 538 548 550 551 552 554 558 560 561 557 559 555 553 549 533 529 565 576 573 578 583 585 584 586 582 588 590 589 592 594 593 596 591 587 599 601 597 603 607 608 605 611 613 617 606 616 615 625 628 626 623 633 609 595 579 569 631 622 638 637 635 640 643 639 619 645 642 647 648 652 654 653 651 650 657 659 658 656 662 661 660 663 666 667 668 670 669 664 641 681 680 685 686 692 690 689 695 699 700 697 693 704 706 705 702 687 677 707 711 713 712 715 714 709 726 721 723 727 724 730 734 722 719 737 738 731 742 736 746 749 751 754 750 757 755 762 766 769 765 763 759 779 786 791 787 785 780 772 792 735 718 676 672 745 752 753 744 760 758 764 768 767 771 775 777 781 784 782 778 770 793 788 761 796 806 808 799 829 812 836 831 840 839 841 847 838 859 856 865 870 861 848 877 881 878 875 874 886 887 894 871 830 899 743 795 798 797 816 800 807 805 803 813 815 818 802 825 822 801 834 827 844 852 851 846 837 853 860 862 858 864 863 868 869 882 885 880 879 889 891 892 890 888 902 897 895 867 904 903 823 905 911 913 908 910 916 914 917 912 919 922 921 920 909 935 927 924 931 928 930 934 932 940 929 942 944 946 943 941 906 948 950 952 953 951 955 956 958 960 961 963 966 968 969 967 973 970 976 965 978 980 979 981 977 986 987 988 985 990 989 984 995 994 996 991 983 959 999 998 949 947 794 563 280 
Traversing Postorder...
2 11 16 5 12 17 3 7 8 10 13 15 21 14 9 20 27 41 29 43 23 30 28 32 34 35 36 42 38 33 46 31 48 47 52 54 59 56 60 51 49 24 65 66 64 67 68 70 71 69 53 80 77 76 75 74 81 72 4 1 83 85 86 87 90 89 92 99 95 100 101 93 109 107 106 91 88 115 112 117 116 119 121 123 124 122 125 118 111 128 127 132 129 135 137 139 140 138 143 142 145 144 141 147 151 150 146 133 155 154 156 152 160 158 164 163 167 165 168 170 172 175 179 187 184 180 178 174 191 192 190 169 188 195 198 199 203 201 196 183 194 205 210 206 213 216 215 214 219 222 218 224 229 228 231 232 230 226 221 217 234 237 238 233 243 242 246 245 247 244 241 239 254 248 252 251 253 249 212 211 204 157 126 264 262 267 270 274 276 277 275 271 268 265 261 84 82 284 286 290 287 292 291 297 285 283 289 294 298 301 303 299 309 310 307 313 315 312 318 314 311 321 316 323 324 328 322 329 326 338 325 302 331 333 336 332 340 341 339 344 347 342 330 282 351 354 367 359 368 352 356 362 361 365 363 360 372 369 366 373 375 374 377 376 358 383 381 378 389 391 390 392 387 395 397 386 385 398 401 404 402 405 409 408 410 406 418 420 415 424 419 417 423 444 425 427 429 430 428 435 437 438 436 442 441 446 443 440 439 448 447 449 431 453 451 452 450 426 396 460 457 461 463 465 459 456 467 466 469 472 475 478 479 476 474 480 482 484 486 483 481 473 493 492 489 485 497 499 498 496 495 462 346 501 503 504 502 506 507 514 509 516 513 519 526 525 523 527 518 510 508 505 500 530 532 531 537 539 543 540 545 542 538 548 550 551 552 554 558 560 561 557 559 555 553 549 533 529 567 565 570 576 573 578 583 585 584 586 582 588 590 589 592 594 593 596 591 587 599 601 597 603 607 608 605 611 613 617 606 618 616 615 625 628 626 623 633 609 595 579 569 629 627 631 622 638 637 635 640 643 639 619 645 642 647 648 652 654 653 651 650 657 659 658 656 662 661 660 663 666 667 668 670 669 664 641 673 681 682 680 685 686 688 692 690 689 695 699 700 697 693 704 706 705 702 687 677 707 711 713 712 715 714 709 726 721 723 727 724 730 734 722 719 737 738 731 736 746 749 751 754 750 757 755 762 766 769 765 763 759 779 786 791 787 785 780 772 792 735 718 676 672 745 752 753 744 760 758 764 768 767 771 776 775 777 781 784 782 778 770 793 788 761 796 806 808 799 829 812 836 831 840 839 841 847 838 859 856 865 870 861 848 877 881 878 875 874 886 887 894 871 830 899 743 795 797 816 800 810 807 805 803 813 815 821 818 802 825 822 801 832 834 827 844 849 852 851 846 837 853 860 862 858 864 863 868 873 869 883 882 885 880 879 889 891 892 890 888 902 895 867 904 897 823 905 911 913 907 908 910 916 914 917 912 919 922 921 920 909 935 927 924 931 928 930 934 932 940 929 942 944 946 943 941 906 948 950 952 953 951 955 956 958 960 961 963 966 968 969 967 972 973 970 976 965 978 980 979 981 977 986 987 988 985 990 989 984 995 994 996 991 983 959 999 998 949 947 794 563 280 
Traversing Postorder...
0 2 11 16 5 12 17 3 7 8 10 13 15 21 14 9 20 27 41 29 43 23 25 30 28 32 34 35 36 40 42 38 33 46 31 48 47 52 54 59 56 60 51 49 24 65 66 64 67 68 70 71 69 53 80 77 76 75 74 81 72 4 1 83 85 86 87 90 89 92 99 95 100 102 101 93 109 107 106 91 88 115 112 117 116 119 121 123 124 122 125 118 111 128 127 132 129 135 137 139 140 138 143 142 145 144 141 148 147 151 150 146 133 155 154 156 152 160 158 164 163 167 165 168 170 173 172 176 175 179 186 185 189 187 184 180 178 174 191 192 190 169 188 195 198 199 203 201 196 183 194 205 210 206 213 216 215 214 219 222 218 224 229 228 231 232 230 226 221 217 234 237 238 233 243 242 246 245 247 244 241 239 254 248 252 251 258 259 253 249 212 211 204 157 126 263 264 262 267 270 274 276 277 275 271 268 265 261 84 82 284 286 290 287 292 291 297 285 283 289 294 298 301 303 299 309 310 307 313 315 312 318 314 311 321 316 323 324 328 322 329 326 338 325 302 331 333 336 332 340 341 339 344 347 342 330 282 348 351 354 357 367 359 368 352 356 362 361 364 365 363 360 372 369 366 373 375 374 377 376 358 380 383 381 378 389 391 390 392 387 395 397 386 385 399 398 401 404 402 405 409 408 410 406 416 418 420 415 424 419 417 423 444 425 427 429 430 428 435 437 438 436 442 441 446 443 440 439 448 447 449 431 453 451 452 450 426 396 460 457 461 463 465 459 456 464 467 466 469 472 475 478 479 476 474 480 482 486 484 481 473 487 493 492 489 483 497 499 498 496 495 462 346 501 503 504 502 506 507 514 509 516 513 519 522 526 525 523 527 518 510 508 505 500 530 532 531 537 539 543 540 545 542 538 548 550 551 552 554 558 560 561 557 559 555 553 549 533 529 564 567 565 572 570 577 576 573 578 583 585 584 586 582 588 590 589 592 594 593 596 591 587 599 601 597 603 607 608 605 611 613 617 606 618 616 615 625 628 626 623 633 609 595 579 569 629 627 632 631 622 638 637 635 640 643 639 619 645 642 647 648 652 654 653 651 650 657 659 658 656 662 661 660 663 666 667 668 670 669 664 641 673 681 682 680 685 686 688 692 690 689 696 695 699 701 700 697 693 704 706 705 702 687 677 707 710 711 713 712 715 714 709 726 721 723 725 727 724 730 734 722 719 737 738 731 736 746 749 751 754 750 757 755 762 766 769 765 763 759 779 786 791 787 785 780 772 792 735 718 676 672 745 752 756 753 744 760 758 764 768 767 771 776 775 777 781 784 782 778 770 793 788 761 796 806 808 799 829 812 836 831 840 839 841 847 838 859 856 865 870 861 848 877 881 878 875 874 886 887 894 871 830 899 743 795 797 816 800 810 807 805 803 814 813 815 821 818 802 825 822 801 833 832 834 827 844 850 852 849 846 837 854 855 851 860 862 858 866 864 863 868 872 873 869 883 882 885 880 879 889 891 892 890 888 902 895 867 897 823 905 911 913 907 908 916 914 918 917 910 919 922 921 920 909 935 927 924 931 928 930 938 934 932 940 929 942 945 944 946 943 941 906 948 950 952 953 951 955 956 958 960 961 963 968 969 966 972 973 970 976 965 978 980 979 981 977 986 987 988 985 990 989 984 993 995 994 996 991 983 959 999 998 949 947 794 563 280 
Traversing Postorder...
0 2 11 16 5 12 17 3 7 8 10 13 15 21 14 9 20 27 41 29 43 23 25 30 28 32 34 35 36 40 42 38 33 46 31 48 47 52 54 59 56 60 51 49 24 57 58 65 66 64 67 68 70 71 69 53 73 80 77 76 75 74 81 72 4 1 85 86 87 90 89 92 94 97 99 95 100 103 102 101 93 109 107 106 91 88 115 112 117 116 119 121 123 124 122 125 118 111 128 127 132 129 135 137 139 140 138 143 142 145 144 141 148 147 151 150 146 133 155 154 156 152 159 160 158 164 163 167 165 168 173 170 177 176 175 179 181 185 189 187 184 180 178 174 191 192 190 169 188 195 198 199 202 203 201 196 183 194 205 210 206 213 216 215 214 219 222 218 224 229 228 231 232 230 226 221 217 234 237 238 233 243 242 246 245 247 244 241 239 254 248 252 251 255 258 259 253 249 212 211 204 157 126 263 264 262 266 267 270 274 276 277 275 271 268 265 261 84 82 284 286 290 287 292 291 297 285 283 293 289 294 298 301 303 299 309 310 307 313 315 312 318 314 311 319 320 321 316 323 324 328 322 329 326 338 325 302 331 336 332 340 341 339 344 347 342 330 282 348 351 354 357 367 359 368 352 356 362 361 364 365 363 360 372 369 366 373 375 374 377 376 358 383 380 378 389 391 390 394 392 387 395 397 386 385 399 398 401 404 402 405 409 408 412 413 410 406 416 418 420 415 424 419 417 423 444 425 427 429 430 428 432 435 437 438 436 442 441 446 443 440 439 448 447 449 431 453 451 454 452 450 426 396 460 457 461 463 465 459 456 467 464 466 472 475 478 479 476 474 480 482 486 484 481 469 493 492 489 483 497 499 498 496 495 462 346 501 503 504 502 506 507 514 509 516 513 519 522 526 525 523 527 518 510 508 505 500 530 532 531 537 539 541 543 540 545 542 538 548 550 551 552 554 556 558 560 561 557 559 555 553 549 533 529 564 567 565 572 570 577 576 573 580 578 583 585 584 586 582 590 588 592 594 593 596 589 587 602 599 601 604 607 608 603 611 613 617 605 618 616 615 625 628 626 623 633 606 595 579 569 624 629 632 627 622 636 638 635 640 643 637 619 645 642 647 648 652 654 653 651 650 657 659 658 656 662 661 660 663 666 667 668 671 670 669 664 641 673 681 682 680 685 686 688 692 690 689 696 695 698 699 701 700 697 693 704 706 705 702 687 677 707 710 711 713 712 717 715 714 709 726 721 723 727 724 730 734 722 719 737 738 731 736 746 749 751 754 750 757 755 762 766 769 765 763 759 779 786 791 787 785 780 772 792 735 718 676 672 748 745 752 756 753 744 760 758 764 768 767 771 776 775 777 781 784 782 778 770 790 789 793 788 761 796 806 808 799 829 812 836 831 840 839 841 847 838 859 856 865 870 861 848 877 881 878 875 874 886 887 894 871 830 899 743 795 797 816 800 810 803 814 805 807 821 813 802 825 815 801 833 832 835 834 827 844 850 852 849 846 837 854 855 851 860 862 858 866 864 863 868 872 873 869 883 882 885 880 879 889 891 892 890 888 896 902 895 867 898 897 822 905 911 913 907 916 914 918 917 910 919 922 921 920 909 935 927 924 931 928 930 938 934 932 940 929 942 945 944 946 943 941 906 948 950 952 953 951 955 956 958 960 962 961 963 968 969 966 972 973 970 976 965 978 980 979 982 981 977 986 987 988 985 990 989 984 993 995 994 996 991 983 959 999 998 949 947 794 563 280 
Traversing Postorder...
0 2 11 16 5 12 17 3 7 8 10 13 15 21 14 9 20 27 41 29 43 23 25 30 28 32 34 35 36 39 40 42 38 33 46 31 48 47 50 52 54 59 56 60 51 49 24 57 58 65 66 64 67 68 70 71 69 53 73 79 80 77 76 75 74 81 72 4 1 85 86 87 90 89 92 94 97 99 95 100 103 102 101 93 109 107 106 91 88 115 113 117 112 120 119 121 123 124 122 125 116 111 128 127 131 132 129 135 137 139 140 138 143 142 145 144 141 149 148 147 151 150 146 133 153 155 154 156 152 159 161 160 158 164 163 167 165 168 173 170 177 176 175 179 182 181 185 189 187 184 180 178 174 191 193 192 190 169 188 195 198 199 202 203 201 196 183 194 205 208 210 206 213 216 215 214 219 220 222 218 224 229 228 231 232 230 226 221 217 236 234 237 238 233 242 246 245 247 244 241 239 254 248 250 252 251 257 255 258 260 259 253 249 212 211 204 157 126 263 264 262 266 267 270 274 276 277 275 271 268 265 261 84 82 284 286 290 287 292 291 297 285 293 283 289 294 301 303 298 306 300 309 310 307 313 315 312 318 314 311 319 320 321 316 323 324 328 322 329 326 338 325 299 331 335 337 336 332 340 341 339 344 347 342 330 282 348 355 351 354 357 367 359 368 352 356 362 361 364 365 363 360 372 369 366 373 375 374 377 376 358 382 383 380 378 389 391 390 394 392 387 395 397 386 385 399 398 401 404 402 405 409 408 412 413 410 406 416 418 420 415 424 419 417 423 444 425 427 429 430 428 433 432 435 437 438 436 442 441 446 443 440 439 448 447 449 431 453 451 454 452 450 426 396 460 457 461 463 465 459 456 467 464 466 472 475 478 476 474 480 482 486 484 481 469 491 493 492 489 483 497 499 498 496 495 462 346 501 503 504 502 506 507 514 509 516 513 519 522 526 523 527 518 510 508 505 500 530 532 531 536 534 537 539 541 543 540 547 545 542 538 548 550 551 552 554 556 558 560 561 557 559 555 553 549 533 529 564 567 565 572 570 577 576 573 580 578 583 585 584 586 582 590 588 592 594 593 596 589 587 602 599 601 604 607 608 603 611 613 617 605 612 610 618 616 615 625 628 626 623 633 606 595 579 569 624 629 632 627 622 636 638 635 640 643 637 619 645 642 647 648 652 654 653 651 650 657 659 658 656 662 661 660 663 666 667 668 671 670 669 664 641 675 673 681 683 682 680 685 686 688 692 690 689 696 695 698 699 701 700 697 693 704 706 705 702 687 677 707 710 711 713 712 716 717 715 714 709 720 726 721 723 727 724 730 734 722 719 732 737 738 731 736 746 749 751 754 750 757 755 762 766 769 765 763 759 779 786 791 787 785 780 772 792 735 718 676 672 748 745 752 756 753 744 760 758 764 768 767 771 776 775 777 781 784 782 778 770 790 789 793 788 761 796 806 808 799 829 812 836 831 840 839 841 847 838 859 856 865 870 861 848 877 881 878 875 874 886 887 894 871 830 899 743 795 797 816 800 810 803 814 805 807 821 813 802 825 815 801 824 833 832 835 834 827 843 844 850 852 849 846 837 855 851 860 862 858 866 864 863 868 872 873 869 883 882 885 879 889 891 892 890 880 896 902 895 867 898 897 822 905 911 913 907 916 914 918 917 910 919 922 921 920 909 926 935 927 924 931 928 930 938 934 932 940 929 942 945 944 946 943 941 906 948 950 952 954 953 951 955 956 958 960 962 961 963 968 969 966 971 972 975 974 973 970 976 965 978 980 979 982 981 977 986 987 988 985 990 989 984 992 993 995 994 996 991 983 959 999 998 949 947 794 563 280 
Traversing Postorder...
0 2 11 16 5 12 17 3 6 7 8 10 13 15 21 14 9 20 27 41 29 43 23 25 30 28 32 34 35 37 36 39 42 38 33 46 31 48 47 50 52 54 59 56 60 51 49 24 55 57 65 64 67 68 70 71 69 53 73 79 80 77 76 75 74 81 72 4 1 85 87 90 92 94 98 97 99 95 100 103 102 101 93 109 107 106 89 88 115 113 117 112 120 119 121 123 124 122 125 116 111 128 127 130 131 132 129 135 137 139 140 138 143 142 145 144 141 149 148 147 151 150 146 133 153 155 154 156 152 159 161 160 158 164 163 167 165 168 171 173 170 177 176 175 179 182 181 185 189 187 184 180 178 174 191 193 192 190 169 188 195 198 199 202 203 201 196 183 194 205 207 209 208 210 206 213 216 215 214 219 220 222 218 224 227 229 228 231 232 230 226 221 217 236 234 237 238 233 246 245 247 242 241 239 254 244 250 252 251 257 255 258 260 259 253 249 212 211 204 157 126 263 264 262 266 267 270 274 276 277 275 271 268 265 261 86 82 281 284 286 290 287 292 291 297 285 293 283 289 295 294 301 303 298 306 300 309 307 313 315 312 318 314 311 319 320 321 316 323 324 328 322 329 326 338 325 299 331 334 335 337 336 332 340 341 339 343 344 347 342 330 282 348 353 355 351 354 357 367 359 368 352 356 362 361 364 365 363 360 370 372 369 366 373 375 374 377 376 358 379 382 383 380 378 389 391 390 392 387 395 397 386 385 399 398 401 404 402 405 409 408 411 412 414 413 410 406 416 418 420 415 424 419 417 423 444 425 427 429 430 428 433 432 435 437 438 436 442 441 446 443 440 439 448 447 449 431 453 454 451 450 426 396 460 457 461 463 465 459 456 467 464 466 472 475 478 476 474 480 482 486 484 481 469 491 493 492 489 483 497 499 498 496 495 462 346 501 503 504 502 506 507 514 509 511 512 516 513 519 520 522 526 523 527 518 510 508 505 500 530 532 531 536 534 537 539 543 540 547 545 542 538 548 550 551 554 556 558 560 561 557 559 555 553 549 533 529 564 566 567 565 572 570 577 576 573 580 578 583 585 584 586 582 590 588 592 594 593 596 589 587 600 602 599 601 604 607 608 603 611 613 617 605 612 610 618 616 615 625 628 626 623 633 606 595 579 569 624 629 632 627 622 636 638 635 640 643 637 619 645 642 648 652 654 653 651 650 657 659 658 656 662 661 660 663 666 667 668 671 669 664 641 675 673 681 683 682 680 685 686 688 692 690 689 696 695 698 699 701 700 697 693 704 706 705 702 687 677 707 710 711 713 712 716 717 715 714 709 720 726 721 723 727 724 730 734 722 719 732 737 738 731 741 740 736 746 749 751 754 750 757 755 762 766 769 765 763 759 779 786 791 787 785 780 772 792 735 718 676 670 748 745 752 756 753 744 760 758 764 768 767 773 771 776 775 777 781 784 782 778 770 790 789 793 788 761 796 806 808 799 829 812 836 831 840 839 841 847 838 859 856 865 870 861 848 877 881 878 875 874 886 887 894 871 830 899 743 795 797 816 800 810 803 814 805 809 807 821 813 802 817 825 815 801 824 828 833 832 835 834 827 843 844 850 852 849 846 837 855 851 860 862 858 866 864 863 868 872 873 869 883 882 885 879 884 889 891 893 892 890 880 896 902 895 867 901 898 897 822 905 911 913 907 916 914 918 917 910 919 923 922 921 920 909 926 935 927 924 931 928 930 937 938 934 932 940 929 942 945 944 946 943 941 906 948 950 952 954 953 951 955 956 958 960 962 961 964 963 968 969 966 971 972 975 974 973 970 976 965 978 980 979 982 981 977 986 987 988 985 990 989 984 992 993 995 994 996 991 983 959 999 998 949 947 794 563 280 
There were 1000 adds completed
There were 27948 compares performed
There were 147 element(s) deleted and 237 unsuccessful deletes possibly due to non-existing element
The number of successful finds is 451 the number of failed finds is 810
There were 0 parent changes performed